-3.67E-04		
-3.90E-04		
-3.97E-04		
-4.08E-04		
-4.17E-04		
-4.28E-04		
-4.22E-04		
-4.25E-04		
-4.19E-04		
-4.42E-04		
-4.33E-04		
-4.45E-04		
-4.48E-04		
-4.32E-04		
-4.48E-04		
-4.55E-04		
-4.38E-04		
-4.58E-04		
-4.58E-04		
-4.43E-04		
-4.60E-04		
-4.65E-04		
-4.55E-04		
-4.69E-04		
-4.57E-04		
-4.77E-04		
-4.80E-04		
-4.66E-04		
-4.54E-04		
-4.79E-04		
-4.81E-04		
-4.74E-04		
-4.77E-04		
-4.68E-04		
-4.58E-04		
-4.71E-04		
-4.66E-04		
-4.83E-04		
-4.75E-04		
-4.94E-04		
-4.87E-04		
-4.85E-04		
-4.77E-04		
-4.90E-04		
-4.80E-04		
-4.98E-04		
-4.91E-04		
-4.70E-04		
-4.69E-04		
-4.77E-04		
-4.85E-04		
-4.87E-04		
-4.88E-04		
-4.83E-04		
-4.88E-04		
-4.92E-04		
-5.00E-04		
-4.94E-04		
-4.72E-04		
-4.90E-04		
-4.95E-04		
-4.97E-04		
-4.82E-04		
-5.06E-04		
-4.77E-04		
-4.76E-04		
-4.89E-04		
-4.55E-04		
-4.74E-04		
-4.93E-04		
-4.81E-04		
-4.90E-04		
-5.06E-04		
-4.87E-04		
-5.06E-04		
-4.93E-04		
-4.88E-04		
-4.92E-04		
-4.80E-04		
-4.90E-04		
-4.92E-04		
-4.84E-04		
-4.71E-04		
-4.87E-04		
-4.94E-04		
-4.98E-04		
-5.07E-04		
-4.67E-04		
-4.79E-04		
-4.92E-04		
-5.09E-04		
-4.95E-04		
-5.06E-04		
-4.94E-04		
-5.16E-04		
-4.91E-04		
-4.97E-04		
-4.82E-04		
-5.02E-04		
-4.84E-04		
-4.84E-04		
-4.68E-04		
-4.73E-04		
-4.88E-04		
-4.89E-04		
-4.85E-04		
-5.11E-04		
-4.68E-04		
-4.71E-04		
-4.85E-04		
-4.94E-04		
-4.77E-04		
-4.77E-04		
-4.66E-04		
-5.00E-04		
-4.72E-04		
-4.89E-04		
-4.92E-04		
-5.16E-04		
-5.00E-04		
-5.06E-04		
-5.04E-04		
-5.25E-04		
-5.49E-04		
-5.49E-04		
-5.67E-04		
-5.63E-04		
-5.67E-04		
-5.91E-04		
-5.84E-04		
-6.08E-04		
-5.98E-04		
-6.08E-04		
-5.99E-04		
-5.84E-04		
-5.73E-04		
-5.83E-04		
-5.61E-04		
-5.46E-04		
-5.50E-04		
-5.17E-04		
-4.73E-04		
-4.44E-04		
-4.08E-04		
-3.63E-04		
-3.19E-04		
-2.48E-04		
-1.70E-04		
-1.24E-04		
-5.99E-05		
6.74E-06		
8.49E-05		
1.26E-04		
1.67E-04		
2.19E-04		
2.87E-04		
3.05E-04		
3.24E-04		
3.61E-04		
4.57E-04		
5.28E-04		
4.97E-04		
4.50E-04		
4.22E-04		
3.93E-04		
3.59E-04		
3.38E-04		
3.27E-04		
2.60E-04		
2.01E-04		
1.35E-04		
6.87E-05		
3.36E-05		
-1.54E-05		
-1.31E-04		
-2.24E-04		
-2.57E-04		
-2.96E-04		
-3.34E-04		
-3.98E-04		
-4.41E-04		
-4.59E-04		
-4.65E-04		
-4.91E-04		
-5.04E-04		
-5.21E-04		
-5.27E-04		
-5.31E-04		
-5.44E-04		
-5.42E-04		
-5.45E-04		
-5.21E-04		
-4.96E-04		
-4.88E-04		
-4.98E-04		
-4.65E-04		
-4.71E-04		
-4.48E-04		
-4.46E-04		
-4.37E-04		
-4.23E-04		
-4.24E-04		
-4.37E-04		
-4.31E-04		
-4.39E-04		
-4.41E-04		
-4.41E-04		
-4.22E-04		
-4.59E-04		
-4.55E-04		
-4.59E-04		
-4.62E-04		
-4.54E-04		
-4.58E-04		
-4.58E-04		
-4.56E-04		
-4.71E-04		
-4.57E-04		
-4.69E-04		
-4.68E-04		
-4.58E-04		
-4.59E-04		
-4.71E-04		
-4.74E-04		
-4.59E-04		
-4.82E-04		
-4.87E-04		
-4.58E-04		
-4.61E-04		
-4.50E-04		
-4.67E-04		
-4.60E-04		
-4.59E-04		
-4.64E-04		
-4.61E-04		
-4.55E-04		
-4.63E-04		
-4.52E-04		
-4.64E-04		
-4.54E-04		
-4.56E-04		
-4.66E-04		
-4.63E-04		
-4.86E-04		
-4.62E-04		
-4.58E-04		
-4.72E-04		
-4.39E-04		
-4.61E-04		
-4.40E-04		
-4.61E-04		
-4.66E-04		
-4.53E-04		
-4.59E-04		
-4.63E-04		
-4.48E-04		
-4.84E-04		
-4.62E-04		
-4.72E-04		
-4.63E-04		
-4.53E-04		
-4.58E-04		
-4.49E-04		
-4.55E-04		
-4.52E-04		
-4.57E-04		
-4.58E-04		
-4.36E-04		
-4.55E-04		
-4.49E-04		
-4.58E-04		
-4.55E-04		
-4.56E-04		
-4.56E-04		
-4.53E-04		
-4.60E-04		
-4.74E-04		
-4.45E-04		
-4.59E-04		
-4.56E-04		
-4.42E-04		
-4.39E-04		
-4.49E-04		
-4.51E-04		
-4.42E-04		
-4.63E-04		
-4.43E-04		
-4.39E-04		
-4.28E-04		
-4.54E-04		
-4.63E-04		
-4.64E-04		
-4.58E-04		
-4.75E-04		
-4.57E-04		
-4.35E-04		
-4.63E-04		
-4.47E-04		
-4.48E-04		
-4.53E-04		
-4.38E-04		
-4.35E-04		
-4.46E-04		
-4.50E-04		
-4.47E-04		
-4.61E-04		
-4.54E-04		
-4.48E-04		
-4.59E-04		
-4.45E-04		
-4.50E-04		
-4.50E-04		
-4.34E-04		
-4.42E-04		
-4.43E-04		
-4.21E-04		
-4.31E-04		
-4.45E-04		
-4.48E-04		
-4.30E-04		
-4.23E-04		
-4.29E-04		
-4.33E-04		
-4.34E-04		
-4.22E-04		
-4.47E-04		
-4.36E-04		
-4.31E-04		
-4.27E-04		
-4.33E-04		
-4.36E-04		
-4.34E-04		
-4.17E-04		
-4.13E-04		
-4.28E-04		
-4.12E-04		
-4.31E-04		
-4.19E-04		
-4.30E-04		
-4.28E-04		
-4.22E-04		
-4.12E-04		
-4.44E-04		
-4.28E-04		
-4.13E-04		
-4.41E-04		
-4.07E-04		
-3.91E-04		
-4.05E-04		
-4.17E-04		
-4.14E-04		
-4.02E-04		
-4.06E-04		
-4.07E-04		
-4.20E-04		
-3.98E-04		
-4.18E-04		
-4.10E-04		
-4.09E-04		
-3.96E-04		
-3.78E-04		
-3.94E-04		
-4.04E-04		
-3.92E-04		
-3.91E-04		
-3.97E-04		
-3.81E-04		
-3.68E-04		
-3.75E-04		
-3.64E-04		
-3.66E-04		
-3.81E-04		
-3.79E-04		
-3.71E-04		
-3.79E-04		
-3.70E-04		
-3.85E-04		
-3.69E-04		
-3.50E-04		
-3.48E-04		
-3.53E-04		
-3.39E-04		
-3.51E-04		
-3.42E-04		
-3.41E-04		
-3.57E-04		
-3.32E-04		
-3.35E-04		
-3.51E-04		
-3.49E-04		
-3.48E-04		
-3.57E-04		
-3.35E-04		
-3.56E-04		
-3.44E-04		
-3.48E-04		
-3.55E-04		
-3.43E-04		
-3.44E-04		
-3.39E-04		
-3.39E-04		
-3.33E-04		
-3.41E-04		
-3.48E-04		
-3.44E-04		
-3.73E-04		
-3.55E-04		
-3.37E-04		
-3.64E-04		
-3.68E-04		
-3.69E-04		
-3.62E-04		
-3.56E-04		
-3.62E-04		
-3.55E-04		
-3.48E-04		
-3.85E-04		
-3.68E-04		
-3.66E-04		
-3.76E-04		
-3.73E-04		
-3.75E-04		
-3.89E-04		
-3.88E-04		
-3.90E-04		
-4.05E-04		
-4.03E-04		
-3.95E-04		
-4.12E-04		
-3.95E-04		
-4.16E-04		
-4.22E-04		
-4.12E-04		
-4.06E-04		
-4.19E-04		
-4.11E-04		
-4.42E-04		
-4.16E-04		
-4.29E-04		
-4.36E-04		
-4.32E-04		
-4.46E-04		
-4.54E-04		
-4.48E-04		
-4.39E-04		
-4.48E-04		
-4.37E-04		
-4.24E-04		
-4.53E-04		
-4.48E-04		
-4.42E-04		
-4.45E-04		
-4.41E-04		
-4.50E-04		
-4.54E-04		
-4.42E-04		
-4.74E-04		
-4.62E-04		
-4.56E-04		
-4.63E-04		
-4.51E-04		
-4.58E-04		
-4.52E-04		
-4.61E-04		
-4.33E-04		
-4.64E-04		
-4.57E-04		
-4.45E-04		
-4.56E-04		
-4.51E-04		
-4.53E-04		
-4.74E-04		
-4.47E-04		
-4.54E-04		
-4.70E-04		
-4.50E-04		
-4.81E-04		
-4.71E-04		
-4.58E-04		
-4.55E-04		
-4.58E-04		
-4.48E-04		
-4.46E-04		
-4.52E-04		
-4.54E-04		
-4.69E-04		
-4.43E-04		
-4.50E-04		
-4.69E-04		
-4.65E-04		
-4.76E-04		
-4.75E-04		
-4.50E-04		
-4.62E-04		
-4.69E-04		
-4.53E-04		
-4.76E-04		
-4.65E-04		
-4.47E-04		
-4.63E-04		
-4.53E-04		
-4.36E-04		
-4.58E-04		
-4.52E-04		
-4.57E-04		
-4.67E-04		
-4.57E-04		
-4.61E-04		
-4.58E-04		
-4.60E-04		
-4.61E-04		
-4.66E-04		
-4.49E-04		
-4.54E-04		
-4.62E-04		
-4.47E-04		
-4.64E-04		
-4.67E-04		
-4.36E-04		
-4.44E-04		
-4.27E-04		
-4.41E-04		
-4.85E-04		
-4.71E-04		
-4.56E-04		
-4.70E-04		
-4.54E-04		
-4.52E-04		
-4.41E-04		
-4.43E-04		
-4.58E-04		
-4.62E-04		
-4.35E-04		
-4.55E-04		
-4.42E-04		
-4.30E-04		
-4.60E-04		
-4.64E-04		
-4.41E-04		
-4.45E-04		
-4.42E-04		
-4.50E-04		
-4.40E-04		
-4.55E-04		
-4.51E-04		
-4.68E-04		
-4.26E-04		
-4.43E-04		
-4.49E-04		
-4.34E-04		
-4.45E-04		
-4.50E-04		
-4.27E-04		
-4.35E-04		
-4.51E-04		
-4.36E-04		
-4.67E-04		
-4.58E-04		
-4.55E-04		
-4.49E-04		
-4.49E-04		
-4.53E-04		
-4.36E-04		
-4.38E-04		
-4.37E-04		
-4.47E-04		
-4.23E-04		
-4.35E-04		
-4.58E-04		
-4.48E-04		
-4.50E-04		
-4.55E-04		
-4.31E-04		
-4.39E-04		
-4.48E-04		
-4.42E-04		
-4.68E-04		
-4.49E-04		
-4.40E-04		
-4.48E-04		
-4.36E-04		
-4.33E-04		
-4.45E-04		
-4.38E-04		
-4.33E-04		
-4.47E-04		
-4.16E-04		
-4.28E-04		
-4.41E-04		
-4.57E-04		
-4.60E-04		
-4.52E-04		
-4.36E-04		
-4.32E-04		
-4.58E-04		
-4.45E-04		
-4.56E-04		
-4.43E-04		
-4.30E-04		
-4.28E-04		
-4.30E-04		
-4.27E-04		
-4.48E-04		
-4.54E-04		
-4.49E-04		
-4.65E-04		
-4.37E-04		
-4.36E-04		
-4.59E-04		
-4.61E-04		
-4.51E-04		
-4.55E-04		
-4.55E-04		
-4.41E-04		
-4.62E-04		
-4.42E-04		
-4.62E-04		
-4.52E-04		
-4.49E-04		
-4.53E-04		
-4.45E-04		
-4.44E-04		
-4.55E-04		
-4.55E-04		
-4.56E-04		
-4.80E-04		
-4.50E-04		
-4.58E-04		
-4.66E-04		
-4.58E-04		
-4.52E-04		
-4.59E-04		
-4.47E-04		
-4.50E-04		
-4.47E-04		
-4.46E-04		
-4.66E-04		
-4.64E-04		
-4.64E-04		
-4.62E-04		
-4.52E-04		
-4.54E-04		
-4.78E-04		
-4.76E-04		
-4.55E-04		
-4.76E-04		
-4.53E-04		
-4.41E-04		
-4.69E-04		
-4.51E-04		
-4.56E-04		
-4.57E-04		
-4.42E-04		
-4.50E-04		
-4.64E-04		
-4.56E-04		
-4.68E-04		
-4.60E-04		
-4.34E-04		
-4.25E-04		
-4.46E-04		
-4.40E-04		
-4.43E-04		
-4.21E-04		
-4.09E-04		
-4.30E-04		
-4.13E-04		
-4.11E-04		
-4.11E-04		
-4.12E-04		
-4.10E-04		
-4.09E-04		
-4.01E-04		
-4.05E-04		
-4.09E-04		
-3.99E-04		
-4.16E-04		
-3.98E-04		
-3.92E-04		
-3.73E-04		
-3.83E-04		
-3.66E-04		
-3.83E-04		
-3.75E-04		
-3.62E-04		
-3.70E-04		
-3.46E-04		
-3.56E-04		
-3.51E-04		
-3.64E-04		
-3.62E-04		
-3.62E-04		
-3.54E-04		
-3.57E-04		
-3.53E-04		
-3.41E-04		
-3.58E-04		
-3.46E-04		
-3.42E-04		
-3.19E-04		
-3.21E-04		
-3.44E-04		
-3.59E-04		
-3.65E-04		
-3.50E-04		
-3.57E-04		
-3.52E-04		
-3.55E-04		
-3.55E-04		
-3.48E-04		
-3.70E-04		
-3.67E-04		
-3.68E-04		
-3.76E-04		
-3.69E-04		
-3.64E-04		
-3.72E-04		
-3.69E-04		
-3.43E-04		
-3.66E-04		
-3.67E-04		
-3.81E-04		
-4.02E-04		
-3.99E-04		
-3.96E-04		
-4.01E-04		
-4.01E-04		
-4.02E-04		
-4.10E-04		
-4.20E-04		
-4.11E-04		
-4.34E-04		
-4.18E-04		
-4.17E-04		
-4.38E-04		
-4.34E-04		
-4.72E-04		
-4.54E-04		
-4.48E-04		
-4.39E-04		
-4.57E-04		
-4.61E-04		
-4.82E-04		
-4.67E-04		
-4.85E-04		
-4.78E-04		
-4.70E-04		
-4.61E-04		
-4.79E-04		
-4.63E-04		
-4.64E-04		
-4.64E-04		
-4.68E-04		
-4.75E-04		
-4.89E-04		
-4.82E-04		
-5.03E-04		
-4.95E-04		
-4.88E-04		
-4.71E-04		
-4.88E-04		
-4.67E-04		
-4.89E-04		
-4.86E-04		
-4.95E-04		
-4.92E-04		
-4.70E-04		
-4.83E-04		
-4.96E-04		
-4.90E-04		
-5.01E-04		
-5.04E-04		
-4.95E-04		
-4.89E-04		
-4.99E-04		
-4.98E-04		
-5.12E-04		
-5.14E-04		
-5.04E-04		
-4.89E-04		
-5.00E-04		
-4.92E-04		
-4.95E-04		
-4.90E-04		
-5.04E-04		
-5.02E-04		
-4.79E-04		
-4.91E-04		
-4.96E-04		
-5.11E-04		
-5.08E-04		
-5.04E-04		
-5.10E-04		
-5.07E-04		
-5.06E-04		
-5.05E-04		
-5.07E-04		
-4.94E-04		
-4.88E-04		
-4.84E-04		
-4.81E-04		
-4.89E-04		
-5.11E-04		
-5.03E-04		
-5.10E-04		
-5.09E-04		
-4.74E-04		
-4.89E-04		
-4.98E-04		
-5.00E-04		
-5.23E-04		
-5.15E-04		
-4.98E-04		
-4.93E-04		
-4.82E-04		
-5.02E-04		
-4.97E-04		
-5.08E-04		
-5.00E-04		
-4.86E-04		
-4.78E-04		
-4.88E-04		
-5.01E-04		
-5.12E-04		
-5.19E-04		
-5.13E-04		
-4.86E-04		
-4.85E-04		
-4.79E-04		
-4.95E-04		
-4.94E-04		
-4.75E-04		
-4.82E-04		
-4.91E-04		
-4.71E-04		
-4.69E-04		
-4.73E-04		
-4.86E-04		
-4.86E-04		
-4.87E-04		
-4.89E-04		
-4.82E-04		
-5.04E-04		
-5.08E-04		
-5.27E-04		
-5.28E-04		
-5.01E-04		
-5.18E-04		
-5.31E-04		
-5.48E-04		
-5.67E-04		
-5.62E-04		
-5.73E-04		
-6.03E-04		
-5.93E-04		
-6.08E-04		
-6.11E-04		
-6.23E-04		
-6.12E-04		
-6.10E-04		
-6.06E-04		
-5.86E-04		
-5.65E-04		
-5.45E-04		
-5.44E-04		
-5.03E-04		
-4.43E-04		
-4.21E-04		
-3.98E-04		
-3.52E-04		
-2.91E-04		
-2.25E-04		
-1.59E-04		
-1.06E-04		
-3.31E-05		
2.93E-05		
1.03E-04		
1.38E-04		
1.95E-04		
2.64E-04		
3.10E-04		
3.30E-04		
3.41E-04		
4.24E-04		
4.98E-04		
5.17E-04		
4.86E-04		
4.54E-04		
4.06E-04		
3.58E-04		
3.33E-04		
3.04E-04		
2.72E-04		
2.06E-04		
1.62E-04		
8.92E-05		
4.79E-05		
-2.62E-05		
-7.83E-05		
-1.54E-04		
-2.03E-04		
-2.76E-04		
-3.33E-04		
-3.67E-04		
-4.31E-04		
-4.72E-04		
-4.59E-04		
-4.87E-04		
-5.11E-04		
-5.31E-04		
-5.30E-04		
-5.46E-04		
-5.41E-04		
-5.51E-04		
-5.13E-04		
-5.17E-04		
-4.90E-04		
-4.87E-04		
-4.68E-04		
-4.76E-04		
-4.64E-04		
-4.61E-04		
-4.60E-04		
-4.49E-04		
-4.45E-04		
-4.43E-04		
-4.30E-04		
-4.29E-04		
-4.45E-04		
-4.47E-04		
-4.47E-04		
-4.44E-04		
-4.38E-04		
-4.53E-04		
-4.34E-04		
-4.58E-04		
-4.54E-04		
-4.64E-04		
-4.71E-04		
-4.65E-04		
-4.75E-04		
-4.77E-04		
-4.74E-04		
-4.62E-04		
-4.88E-04		
-4.73E-04		
-4.54E-04		
-4.59E-04		
-4.76E-04		
-4.80E-04		
-4.61E-04		
-4.60E-04		
-4.59E-04		
-4.77E-04		
-4.54E-04		
-4.82E-04		
-4.62E-04		
-4.68E-04		
-4.88E-04		
-4.78E-04		
-4.61E-04		
-4.64E-04		
-4.78E-04		
-4.69E-04		
-4.71E-04		
-4.68E-04		
-4.50E-04		
-4.58E-04		
-4.75E-04		
-4.84E-04		
-4.73E-04		
-4.74E-04		
-4.63E-04		
-4.77E-04		
-4.68E-04		
-4.82E-04		
-4.90E-04		
-4.73E-04		
-4.75E-04		
-4.64E-04		
-4.67E-04		
-4.64E-04		
-4.65E-04		
-4.56E-04		
-4.62E-04		
-4.51E-04		
-4.60E-04		
-4.58E-04		
-4.75E-04		
-4.85E-04		
-4.62E-04		
-4.55E-04		
-4.66E-04		
-4.77E-04		
-4.65E-04		
-4.62E-04		
-4.66E-04		
-4.64E-04		
-4.57E-04		
-4.43E-04		
-4.45E-04		
-4.54E-04		
-4.45E-04		
-4.62E-04		
-4.70E-04		
-4.58E-04		
-4.54E-04		
-4.60E-04		
-4.64E-04		
-4.57E-04		
-4.62E-04		
-4.63E-04		
-4.51E-04		
-4.64E-04		
-4.49E-04		
-4.46E-04		
-4.55E-04		
-4.45E-04		
-4.45E-04		
-4.38E-04		
-4.41E-04		
-4.62E-04		
-4.57E-04		
-4.45E-04		
-4.66E-04		
-4.54E-04		
-4.53E-04		
-4.50E-04		
-4.34E-04		
-4.47E-04		
-4.52E-04		
-4.48E-04		
-4.52E-04		
-4.55E-04		
-4.42E-04		
-4.34E-04		
-4.33E-04		
-4.39E-04		
-4.38E-04		
-4.43E-04		
-4.47E-04		
-4.45E-04		
-4.50E-04		
-4.39E-04		
-4.53E-04		
-4.37E-04		
-4.24E-04		
-4.21E-04		
-4.26E-04		
-4.24E-04		
-4.28E-04		
-4.25E-04		
-4.29E-04		
-4.33E-04		
-4.24E-04		
-4.33E-04		
-4.26E-04		
-4.31E-04		
-4.31E-04		
-4.25E-04		
-4.26E-04		
-4.24E-04		
-4.11E-04		
-4.22E-04		
-4.21E-04		
-4.05E-04		
-4.19E-04		
-4.18E-04		
-4.01E-04		
-4.09E-04		
-4.02E-04		
-4.15E-04		
-4.07E-04		
-4.17E-04		
-4.14E-04		
-4.14E-04		
-4.10E-04		
-3.96E-04		
-4.10E-04		
-3.83E-04		
-3.73E-04		
-3.95E-04		
-3.87E-04		
-3.84E-04		
-3.98E-04		
-3.74E-04		
-3.69E-04		
-3.82E-04		
-3.79E-04		
-3.97E-04		
-3.90E-04		
-3.77E-04		
-3.67E-04		
-4.00E-04		
-3.72E-04		
-3.94E-04		
-3.71E-04		
-3.77E-04		
-3.64E-04		
-3.62E-04		
-3.48E-04		
-3.71E-04		
-3.67E-04		
-3.58E-04		
-3.81E-04		
-3.64E-04		
-3.51E-04		
-3.59E-04		
-3.53E-04		
-3.65E-04		
-3.75E-04		
-3.44E-04		
-3.65E-04		
-3.49E-04		
-3.36E-04		
-3.50E-04		
-3.43E-04		
-3.39E-04		
-3.28E-04		
-3.22E-04		
-3.29E-04		
-3.43E-04		
-3.64E-04		
-3.43E-04		
-3.57E-04		
-3.46E-04		
-3.37E-04		
-3.57E-04		
-3.47E-04		
-3.42E-04		
-3.50E-04		
-3.46E-04		
-3.55E-04		
-3.50E-04		
-3.49E-04		
-3.77E-04		
-3.55E-04		
-3.77E-04		
-3.66E-04		
-3.62E-04		
-3.64E-04		
-3.86E-04		
-3.74E-04		
-3.71E-04		
-4.13E-04		
-3.94E-04		
-3.63E-04		
-3.93E-04		
-3.98E-04		
-3.87E-04		
-3.86E-04		
-3.90E-04		
-3.99E-04		
-4.04E-04		
-4.07E-04		
-4.24E-04		
-4.09E-04		
-4.25E-04		
-4.31E-04		
-4.22E-04		
-4.20E-04		
-4.35E-04		
-4.32E-04		
-4.27E-04		
-4.44E-04		
-4.35E-04		
-4.28E-04		
-4.29E-04		
-4.37E-04		
-4.45E-04		
-4.56E-04		
-4.62E-04		
-4.45E-04		
-4.67E-04		
-4.46E-04		
-4.82E-04		
-4.60E-04		
-4.60E-04		
-4.59E-04		
-4.54E-04		
-4.47E-04		
-4.56E-04		
-4.48E-04		
-4.55E-04		
-4.59E-04		
-4.63E-04		
-4.52E-04		
-4.75E-04		
-4.44E-04		
-4.58E-04		
-4.72E-04		
-4.62E-04		
-4.64E-04		
-4.85E-04		
-4.66E-04		
-4.83E-04		
-4.65E-04		
-4.64E-04		
-4.52E-04		
-4.55E-04		
-4.57E-04		
-4.62E-04		
-4.64E-04		
-4.59E-04		
-4.77E-04		
-4.58E-04		
-4.73E-04		
-4.88E-04		
-4.62E-04		
-4.70E-04		
-4.77E-04		
-4.51E-04		
-4.76E-04		
-4.71E-04		
-4.47E-04		
-4.83E-04		
-4.72E-04		
-4.41E-04		
-4.50E-04		
-4.42E-04		
-4.61E-04		
-4.81E-04		
-4.69E-04		
-4.63E-04		
-4.72E-04		
-4.55E-04		
-4.63E-04		
-4.61E-04		
-4.73E-04		
-4.63E-04		
-4.70E-04		
-4.59E-04		
-4.50E-04		
-4.61E-04		
-4.60E-04		
-4.61E-04		
-4.63E-04		
-4.52E-04		
-4.64E-04		
-4.63E-04		
-4.51E-04		
-4.81E-04		
-4.64E-04		
-4.64E-04		
-4.76E-04		
-4.40E-04		
-4.53E-04		
-4.61E-04		
-4.61E-04		
-4.47E-04		
-4.56E-04		
-4.47E-04		
-4.49E-04		
-4.63E-04		
-4.56E-04		
-4.63E-04		
-4.58E-04		
-4.53E-04		
-4.59E-04		
-4.56E-04		
-4.55E-04		
-4.62E-04		
-4.65E-04		
-4.44E-04		
-4.59E-04		
-4.35E-04		
-4.41E-04		
-4.47E-04		
-4.47E-04		
-4.52E-04		
-4.57E-04		
-4.51E-04		
-4.55E-04		
-4.43E-04		
-4.45E-04		
-4.62E-04		
-4.59E-04		
-4.55E-04		
-4.55E-04		
-4.47E-04		
-4.32E-04		
-4.43E-04		
-4.32E-04		
-4.39E-04		
-4.45E-04		
-4.32E-04		
-4.38E-04		
-4.59E-04		
-4.39E-04		
-4.56E-04		
-4.63E-04		
-4.31E-04		
-4.60E-04		
-4.59E-04		
-4.33E-04		
-4.58E-04		
-4.53E-04		
-4.32E-04		
-4.39E-04		
-4.40E-04		
-4.43E-04		
-4.44E-04		
-4.50E-04		
-4.44E-04		
-4.52E-04		
-4.31E-04		
-4.22E-04		
-4.59E-04		
-4.51E-04		
-4.57E-04		
-4.68E-04		
-4.46E-04		
-4.48E-04		
-4.52E-04		
-4.25E-04		
-4.50E-04		
-4.49E-04		
-4.36E-04		
-4.42E-04		
-4.38E-04		
-4.30E-04		
-4.57E-04		
-4.56E-04		
-4.47E-04		
-4.78E-04		
-4.44E-04		
-4.48E-04		
-4.54E-04		
-4.62E-04		
-4.59E-04		
-4.49E-04		
-4.51E-04		
-4.34E-04		
-4.50E-04		
-4.45E-04		
-4.78E-04		
-4.60E-04		
-4.45E-04		
-4.54E-04		
-4.57E-04		
-4.41E-04		
-4.67E-04		
-4.70E-04		
-4.57E-04		
-4.79E-04		
-4.55E-04		
-4.52E-04		
-4.47E-04		
-4.54E-04		
-4.55E-04		
-4.67E-04		
-4.57E-04		
-4.57E-04		
-4.64E-04		
-4.60E-04		
-4.88E-04		
-4.58E-04		
-4.63E-04		
-4.63E-04		
-4.67E-04		
-4.65E-04		
-4.76E-04		
-4.74E-04		
-4.60E-04		
-4.73E-04		
-4.37E-04		
-4.28E-04		
-4.50E-04		
-4.55E-04		
-4.65E-04		
-4.68E-04		
-4.34E-04		
-4.36E-04		
-4.51E-04		
-4.37E-04		
-4.54E-04		
-4.38E-04		
-4.27E-04		
-4.27E-04		
-4.13E-04		
-4.03E-04		
-4.30E-04		
-4.19E-04		
-4.07E-04		
-4.16E-04		
-3.83E-04		
-3.76E-04		
-3.94E-04		
-4.00E-04		
-4.03E-04		
-4.10E-04		
-3.83E-04		
-3.90E-04		
-3.88E-04		
-3.77E-04		
-3.96E-04		
-3.74E-04		
-3.81E-04		
-3.61E-04		
-3.48E-04		
-3.39E-04		
-3.57E-04		
-3.70E-04		
-3.73E-04		
-3.74E-04		
-3.61E-04		
-3.50E-04		
-3.73E-04		
-3.63E-04		
-3.61E-04		
-3.74E-04		
-3.70E-04		
-3.78E-04		
-3.67E-04		
-3.42E-04		
-3.69E-04		
-3.68E-04		
-3.58E-04		
-3.60E-04		
-3.66E-04		
-3.58E-04		
-3.80E-04		
-3.81E-04		
-3.80E-04		
-3.84E-04		
-3.71E-04		
-3.72E-04		
-3.84E-04		
-3.92E-04		
-3.96E-04		
-4.05E-04		
-3.87E-04		
-3.84E-04		
-3.87E-04		
-3.78E-04		
-4.21E-04		
-4.29E-04		
-4.04E-04		
-4.19E-04		
-4.30E-04		
-4.28E-04		
-4.53E-04		
-4.38E-04		
-4.46E-04		
-4.56E-04		
-4.31E-04		
-4.53E-04		
-4.55E-04		
-4.60E-04		
-4.57E-04		
-4.69E-04		
-4.59E-04		
-4.63E-04		
-4.68E-04		
-4.65E-04		
-4.88E-04		
-4.92E-04		
-4.72E-04		
-4.74E-04		
-4.79E-04		
-4.76E-04		
-4.81E-04		
-4.89E-04		
-4.94E-04		
-4.86E-04		
-4.71E-04		
-4.72E-04		
-4.81E-04		
-4.93E-04		
-4.87E-04		
-4.90E-04		
-4.79E-04		
-4.96E-04		
-5.01E-04		
-4.96E-04		
-5.11E-04		
-4.93E-04		
-5.05E-04		
-4.93E-04		
-4.96E-04		
-4.91E-04		
-4.99E-04		
-4.65E-04		
-4.99E-04		
-4.99E-04		
-4.75E-04		
-4.82E-04		
-4.96E-04		
-5.10E-04		
-5.07E-04		
-5.00E-04		
-4.92E-04		
-5.09E-04		
-4.99E-04		
-4.98E-04		
-5.05E-04		
-4.99E-04		
-5.08E-04		
-5.00E-04		
-4.87E-04		
-4.73E-04		
-5.09E-04		
-5.02E-04		
-4.94E-04		
-5.25E-04		
-4.95E-04		
-4.95E-04		
-5.21E-04		
-5.12E-04		
-5.15E-04		
-5.08E-04		
-5.10E-04		
-5.08E-04		
-5.00E-04		
-5.06E-04		
-4.96E-04		
-5.20E-04		
-4.90E-04		
-4.90E-04		
-4.95E-04		
-4.97E-04		
-5.13E-04		
-5.11E-04		
-5.06E-04		
-5.22E-04		
-4.87E-04		
-5.12E-04		
-5.01E-04		
-5.01E-04		
-5.09E-04		
-5.00E-04		
-4.98E-04		
-4.98E-04		
-4.77E-04		
-4.95E-04		
-4.84E-04		
-4.89E-04		
-4.93E-04		
-4.87E-04		
-4.92E-04		
-4.78E-04		
-4.88E-04		
-5.02E-04		
-4.92E-04		
-5.02E-04		
-4.77E-04		
-4.90E-04		
-5.00E-04		
-5.07E-04		
-5.25E-04		
-5.17E-04		
-5.05E-04		
-5.46E-04		
-5.26E-04		
-5.50E-04		
-5.61E-04		
-5.81E-04		
-5.81E-04		
-5.97E-04		
-6.06E-04		
-6.00E-04		
-6.03E-04		
-6.12E-04		
-6.15E-04		
-6.13E-04		
-5.73E-04		
-5.76E-04		
-5.58E-04		
-5.49E-04		
-5.24E-04		
-4.95E-04		
-4.70E-04		
-4.44E-04		
-3.92E-04		
-3.60E-04		
-3.01E-04		
-2.43E-04		
-1.66E-04		
-8.95E-05		
-4.48E-05		
3.28E-05		
1.02E-04		
1.60E-04		
1.98E-04		
2.53E-04		
3.03E-04		
3.21E-04		
3.23E-04		
3.88E-04		
4.74E-04		
5.08E-04		
4.61E-04		
4.34E-04		
3.77E-04		
3.59E-04		
3.27E-04		
2.93E-04		
2.58E-04		
2.13E-04		
1.60E-04		
9.59E-05		
2.48E-05		
-8.18E-06		
-1.09E-04		
-1.79E-04		
-2.16E-04		
-2.79E-04		
-3.51E-04		
-3.96E-04		
-4.63E-04		
-4.74E-04		
-4.88E-04		
-5.01E-04		
-5.11E-04		
-5.25E-04		
-5.29E-04		
-5.36E-04		
-5.39E-04		
-5.40E-04		
-5.48E-04		
-5.30E-04		
-5.16E-04		
-4.98E-04		
-5.12E-04		
-4.88E-04		
-4.73E-04		
-4.55E-04		
-4.66E-04		
-4.63E-04		
-4.61E-04		
-4.46E-04		
-4.52E-04		
-4.62E-04		
-4.32E-04		
-4.36E-04		
-4.48E-04		
-4.51E-04		
-4.58E-04		
-4.49E-04		
-4.65E-04		
-4.69E-04		
-4.73E-04		
-4.72E-04		
-4.84E-04		
-4.81E-04		
-4.78E-04		
-4.59E-04		
-4.74E-04		
-4.71E-04		
-4.72E-04		
-4.71E-04		
-4.72E-04		
-4.79E-04		
-4.80E-04		
-4.73E-04		
-4.71E-04		
-4.76E-04		
-4.77E-04		
-4.79E-04		
-4.74E-04		
-4.78E-04		
-4.81E-04		
-4.69E-04		
-4.84E-04		
-4.64E-04		
-4.61E-04		
-4.49E-04		
-4.67E-04		
-4.68E-04		
-4.79E-04		
-4.73E-04		
-4.78E-04		
-4.88E-04		
-4.71E-04		
-4.70E-04		
-4.81E-04		
-4.82E-04		
-4.76E-04		
-4.61E-04		
-4.70E-04		
-4.73E-04		
-4.69E-04		
-4.70E-04		
-4.82E-04		
-4.61E-04		
-4.54E-04		
-4.60E-04		
-4.68E-04		
-4.72E-04		
-4.72E-04		
-4.71E-04		
-4.79E-04		
-4.86E-04		
-4.66E-04		
-4.58E-04		
-4.69E-04		
-4.80E-04		
-4.60E-04		
-4.47E-04		
-4.55E-04		
-4.58E-04		
-4.61E-04		
-4.55E-04		
-4.64E-04		
-4.63E-04		
-4.55E-04		
-4.67E-04		
-4.62E-04		
-4.78E-04		
-4.81E-04		
-4.61E-04		
-4.63E-04		
-4.66E-04		
-4.60E-04		
-4.70E-04		
-4.55E-04		
-4.67E-04		
-4.40E-04		
-4.50E-04		
-4.56E-04		
-4.55E-04		
-4.63E-04		
-4.63E-04		
-4.73E-04		
-4.60E-04		
-4.49E-04		
-4.51E-04		
-4.57E-04		
-4.66E-04		
-4.66E-04		
-4.49E-04		
-4.50E-04		
-4.42E-04		
-4.43E-04		
-4.51E-04		
-4.44E-04		
-4.50E-04		
-4.62E-04		
-4.50E-04		
-4.47E-04		
-4.52E-04		
-4.43E-04		
-4.38E-04		
-4.71E-04		
-4.60E-04		
-4.36E-04		
-4.41E-04		
-4.35E-04		
-4.52E-04		
-4.52E-04		
-4.33E-04		
-4.31E-04		
-4.39E-04		
-4.25E-04		
-4.52E-04		
-4.44E-04		
-4.51E-04		
-4.40E-04		
-4.39E-04		
-4.27E-04		
-4.52E-04		
-4.41E-04		
-4.37E-04		
-4.34E-04		
-4.22E-04		
-4.04E-04		
-4.19E-04		
-4.28E-04		
-4.29E-04		
-4.30E-04		
-4.19E-04		
-4.25E-04		
-4.28E-04		
-3.96E-04		
-4.35E-04		
-4.28E-04		
-4.12E-04		
-4.20E-04		
-4.00E-04		
-4.09E-04		
-4.04E-04		
-4.11E-04		
-3.91E-04		
-3.99E-04		
-4.07E-04		
-3.85E-04		
-3.84E-04		
-3.96E-04		
-4.05E-04		
-4.12E-04		
-3.91E-04		
-3.98E-04		
-3.99E-04		
-3.97E-04		
-4.11E-04		
-3.95E-04		
-3.82E-04		
-3.82E-04		
-3.76E-04		
-3.82E-04		
-3.84E-04		
-3.80E-04		
-3.75E-04		
-3.89E-04		
-3.78E-04		
-3.73E-04		
-3.96E-04		
-3.77E-04		
-3.83E-04		
-3.86E-04		
-3.86E-04		
-3.81E-04		
-3.76E-04		
-3.68E-04		
-3.77E-04		
-3.64E-04		
-3.61E-04		
-3.60E-04		
-3.58E-04		
-3.53E-04		
-3.65E-04		
-3.70E-04		
-3.51E-04		
-3.86E-04		
-3.68E-04		
-3.54E-04		
-3.67E-04		
-3.56E-04		
-3.69E-04		
-3.63E-04		
-3.64E-04		
-3.52E-04		
-3.60E-04		
-3.47E-04		
-3.80E-04		
-3.75E-04		
-3.67E-04		
-3.75E-04		
-3.66E-04		
-3.55E-04		
-3.76E-04		
-3.83E-04		
-3.81E-04		
-4.08E-04		
-3.93E-04		
-3.83E-04		
-3.91E-04		
-3.90E-04		
-3.87E-04		
-3.89E-04		
-3.88E-04		
-3.88E-04		
-4.11E-04		
-4.10E-04		
-4.16E-04		
-4.06E-04		
-4.04E-04		
-4.25E-04		
-4.21E-04		
-4.28E-04		
-4.29E-04		
-4.18E-04		
-4.21E-04		
-4.39E-04		
-4.20E-04		
-4.26E-04		
-4.33E-04		
-4.27E-04		
-4.33E-04		
-4.50E-04		
-4.36E-04		
-4.39E-04		
-4.52E-04		
-4.47E-04		
-4.66E-04		
-4.61E-04		
-4.60E-04		
-4.58E-04		
-4.48E-04		
-4.66E-04		
-4.57E-04		
-4.54E-04		
-4.50E-04		
-4.64E-04		
-4.38E-04		
-4.53E-04		
-4.85E-04		
-4.73E-04		
-4.73E-04		
-4.65E-04		
-4.65E-04		
-4.79E-04		
-4.81E-04		
-4.75E-04		
-4.97E-04		
-4.75E-04		
-4.72E-04		
-4.61E-04		
-4.68E-04		
-4.61E-04		
-4.62E-04		
-4.85E-04		
-4.69E-04		
-5.00E-04		
-4.60E-04		
-4.71E-04		
-4.65E-04		
-4.72E-04		
-4.96E-04		
-4.83E-04		
-4.71E-04		
-4.78E-04		
-4.87E-04		
-4.68E-04		
-4.71E-04		
-4.68E-04		
-4.54E-04		
-4.75E-04		
-4.55E-04		
-4.55E-04		
-4.86E-04		
-4.73E-04		
-4.62E-04		
-4.81E-04		
-4.69E-04		
-4.58E-04		
-4.79E-04		
-4.72E-04		
-4.81E-04		
-4.79E-04		
-4.76E-04		
-4.68E-04		
-4.60E-04		
-4.53E-04		
-4.78E-04		
-4.64E-04		
-4.72E-04		
-4.75E-04		
-4.66E-04		
-4.53E-04		
-4.82E-04		
-4.83E-04		
-4.77E-04		
-4.94E-04		
-4.73E-04		
-4.49E-04		
-4.71E-04		
-4.58E-04		
-4.62E-04		
-4.64E-04		
-4.49E-04		
-4.80E-04		
-4.71E-04		
-4.66E-04		
-4.83E-04		
-4.57E-04		
-4.51E-04		
-4.72E-04		
-4.52E-04		
-4.81E-04		
-4.77E-04		
-4.72E-04		
-4.58E-04		
-4.69E-04		
-4.47E-04		
-4.48E-04		
-4.62E-04		
-4.47E-04		
-4.64E-04		
-4.81E-04		
-4.59E-04		
-4.58E-04		
-4.53E-04		
-4.48E-04		
-4.79E-04		
-4.67E-04		
-4.52E-04		
-4.69E-04		
-4.56E-04		
-4.52E-04		
-4.68E-04		
-4.54E-04		
-4.46E-04		
-4.56E-04		
-4.38E-04		
-4.53E-04		
-4.52E-04		
-4.51E-04		
-4.66E-04		
-4.61E-04		
-4.66E-04		
-4.63E-04		
-4.70E-04		
-4.61E-04		
-4.78E-04		
-4.61E-04		
-4.46E-04		
-4.60E-04		
-4.48E-04		
-4.32E-04